100
23663 24605 11791
25971 5901 2197
14310 6515 29879
14296 12716 29874
27524 4894 21767
3670 10694 29708
10082 24354 27142
31896 3613 5385
18500 10061 28145
17655 31873 10167
22922 28401 7814
12053 4979 2148
22235 26962 26430
182 8472 17981
7641 29727 871
25325 4416 192
24381 10116 9055
29162 16238 27940
7215 13759 18279
16402 13085 20738
10161 4669 18358
17703 15293 29163
3452 7339 13537
6310 12056 4524
30366 26234 11449
689 2083 7528
31153 10697 16152
28946 7523 18909
1940 16054 23399
17983 28015 356
9955 22657 19136
22120 25914 22670
16285 9735 17391
19187 22312 17524
9665 10621 32205
7930 27413 6667
11461 18809 6558
1945 28382 26
10039 20899 8831
28986 27662 1455
7399 25514 9
22304 4788 3355
1891 18767 27053
11476 12948 16355
22457 16038 30076
26965 29485 23074
14775 14293 6225
4618 4177 23640
18458 26628 9889
30694 25655 10390
623 30518 27732
17230 18776 19587
8346 29504 6004
31637 11637 19384
10550 11297 17563
32037 23698 13913
18250 26203 19814
23995 26064 17919
4371 11820 22610
8250 21865 12107
5317 11440 26319
25088 9791 24759
24984 15442 2422
27073 4790 6020
12927 11289 19353
17496 8150 6616
11598 14768 7848
30222 12008 4449
9292 22594 25386
18240 24844 1059
16730 28284 28720
26997 30070 20785
18739 24652 31633
11834 22097 30083
2676 2373 21584
23395 4486 16686
24435 21157 19956
24710 20944 8098
15113 23665 22218
24509 25054 13754
22486 21286 19513
12321 9856 28361
7854 5106 1971
19064 7690 11742
1077 16238 9203
258 8816 19196
18120 24394 28025
2425 14542 23551
27979 23933 8846
19603 29779 5973
31865 19394 26162
12462 11213 29410
23486 28819 26302
15726 18505 2976
9165 19174 1063
5229 6266 29409
24683 20554 2852
24409 10223 17464
31781 8516 12704
3596 27199 29550